[radar]
center_lat = 30.14705507846894
center_lon = -95.39204791784302
range_mi = 10
refresh_seconds = 5
